7
heart_right_spear_1
-21
0
10
0
1
-14
-57
16
-14
cardman_up_spear_spin
-18
17
7
9
2
-143
47
-83
45
-138
66
-38
66
-131
86
-6
86
-108
99
-22
94
-80
108
9
58
-12
80
16
50
-40
66
-8
3
-85
46
-75
21
-77
49
-53
1
-14
-57
16
-15
heart_left_spear_spin
-107
0
7
7
-105
-89
-48
-36
-102
-110
13
-90
-91
-128
41
-113
-65
-138
29
-127
-48
-90
-16
-73
-15
-91
35
-80
13
-113
54
-101
1
-14
-57
16
-12
heart_down_spear_spin
-106
76
7
7
-37
28
4
77
-64
9
-13
73
-102
-5
-65
54
-68
-7
-36
14
-107
-84
-84
1
-87
-68
-66
-1
-69
-54
-44
-4
1
-15
-57
15
-13
heart_right_spear_spin
-58
85
7
6
29
-37
108
14
-58
59
-7
84
-30
53
31
81
7
41
62
71
12
34
88
50
30
8
95
39
1
-15
-59
16
-14
heart_right_spear_1
-21
0
5
0
1
-14
-58
16
-13
heart_right_spear_0
-31
0
30
0
1
-14
-57
16
-14
